  6.4408467155225013e-001 -5.8024135339391125e-001  1.0000000000000000e+000
  4.5475041308657149e-001 -2.4644945484678327e-001  1.0000000000000000e+000
  4.0818292046910754e-001 -2.3662677299640716e-001  1.0000000000000000e+000
  6.8270827428183134e-001 -3.9871744069688964e-001  1.0000000000000000e+000
  4.2414962804646078e-001 -5.9217085479074094e-001  1.0000000000000000e+000
  4.9926917430627582e-001 -1.2514280119011309e-001  1.0000000000000000e+000
  5.7648032019220696e-001 -1.5659285297405570e-001  1.0000000000000000e+000
  6.2485445529284511e-001 -3.6741746933586150e-001  1.0000000000000000e+000
  2.7087127075362583e-001 -7.2429019268740125e-001  1.0000000000000000e+000
  3.7003259351513595e-001 -3.6438943880559554e-001  1.0000000000000000e+000
  3.7694249449903827e-001 -2.8507273739713174e-001  1.0000000000000000e+000
  5.6185435356038438e-001 -3.1708463523176483e-001  1.0000000000000000e+000
  2.3011627617585900e-001 -4.0281553265446385e-001  1.0000000000000000e+000
  5.8502668444272155e-001 -1.8161680945952721e-001  1.0000000000000000e+000
  5.9165005709292817e-001 -2.8201506010511396e-001  1.0000000000000000e+000
  6.1217050915996585e-001 -4.0375552491040623e-001  1.0000000000000000e+000
  4.5962937380523827e-001 -2.2722756694169483e-001  1.0000000000000000e+000
  5.2586729605911908e-001 -3.2612635394564848e-001  1.0000000000000000e+000
  4.7879095450272935e-001 -2.9041860487241988e-001  1.0000000000000000e+000
  6.9340107609550750e-001 -4.3508838234022185e-001  1.0000000000000000e+000
  3.2963972450022999e-001 -4.2011613671097309e-001  1.0000000000000000e+000
  5.9404121136662380e-001 -4.1537563032054159e-001  1.0000000000000000e+000
  5.0368161603050454e-001 -4.2183489041385724e-001  1.0000000000000000e+000
  6.5660412036064209e-002 -4.4661209252056422e-001  1.0000000000000000e+000
  7.5576334771723896e-001 -2.4679642516198708e-001  1.0000000000000000e+000
  5.7500230702781951e-001 -5.6216931045760166e-001  1.0000000000000000e+000
  7.5875871807412354e-001 -2.6857569802911624e-001  1.0000000000000000e+000
  2.9782280989772830e-001 -5.5620626340731827e-001  1.0000000000000000e+000
  2.9450536110866105e-001 -1.5585616285124790e-001  1.0000000000000000e+000
  4.6553159198508570e-001 -1.2520550662809837e-001  1.0000000000000000e+000
  3.7365282837181801e-001 -6.0547394438278279e-001  1.0000000000000000e+000
  3.8472025444804309e-001 -6.5639813468521480e-001  1.0000000000000000e+000
  1.0005610002396620e-001 -3.6864184004717782e-001  1.0000000000000000e+000
  3.7234124600473373e-001 -3.0540368501925280e-001  1.0000000000000000e+000
  5.1209346379894871e-001 -6.1472141783521794e-001  1.0000000000000000e+000
  2.8396977194392009e-001 -6.3113311180677167e-001  1.0000000000000000e+000
  3.7319311585330728e-001 -5.7629134497285528e-001  1.0000000000000000e+000
  3.0101042303145825e-001 -6.1608062151490040e-001  1.0000000000000000e+000
  3.0974795418279266e-001 -4.6183328117205036e-001  1.0000000000000000e+000
  2.4434470322354312e-001 -6.9780951644039602e-001  1.0000000000000000e+000
  5.9206739806387287e-001 -6.6369750309017039e-001  1.0000000000000000e+000
  7.4596052890692433e-001 -5.1844969222836301e-001  1.0000000000000000e+000
  8.0667515415884827e-001 -2.8861652837017282e-001  1.0000000000000000e+000
  5.6427237483552650e-001 -5.4067309888518378e-001  1.0000000000000000e+000
  5.4700286639094520e-001 -3.1233277365746737e-001  1.0000000000000000e+000
  5.9679344467073769e-001 -7.3612635468677245e-001  1.0000000000000000e+000
  6.8879951639065040e-001 -8.0645950930745225e-001  1.0000000000000000e+000
  7.5978378328949892e-001 -5.3367671116015358e-001  1.0000000000000000e+000
  8.5790108762959016e-001 -4.1815390194800012e-001  1.0000000000000000e+000
  4.6135444149537314e-001 -3.5109206018780392e-001  1.0000000000000000e+000
 -2.5340175616316041e-001 -9.0145408926204962e-001  1.0000000000000000e+000
  9.4003923287492450e-002 -8.2085784957860652e-001  1.0000000000000000e+000
  1.3746104234575579e-001 -1.0821241778105930e+000  1.0000000000000000e+000
 -7.3672817364339629e-002 -8.6453369792707047e-001  1.0000000000000000e+000
 -7.7397644592123865e-002 -1.0044939265336050e+000  1.0000000000000000e+000
 -1.7236191626561252e-002 -1.0753312734041915e+000  1.0000000000000000e+000
 -1.2304773506751768e-001 -8.6617083651993532e-001  1.0000000000000000e+000
 -2.3301852271395493e-001 -6.9197595788252508e-001  1.0000000000000000e+000
 -2.0965505028886489e-001 -8.5604861179885083e-001  1.0000000000000000e+000
  1.0036687862045264e-001 -8.6621351523189982e-001  1.0000000000000000e+000
  9.9117514734985768e-001 -6.8532322280016411e-001  1.0000000000000000e+000
  9.9095342566772970e-001 -1.0234088903994187e+000  1.0000000000000000e+000
  1.2043050490624345e+000 -9.1041930920774927e-001  1.0000000000000000e+000
  1.3291130302906085e+000 -7.7186857927141472e-001  1.0000000000000000e+000
  1.0432466979991777e+000 -5.2722837841380032e-001  1.0000000000000000e+000
  1.1819332188399829e+000 -7.5902938604238113e-001  1.0000000000000000e+000
  8.9830043461421505e-001 -6.6650139052402912e-001  1.0000000000000000e+000
  1.0290347423568869e+000 -6.9157394384521886e-001  1.0000000000000000e+000
  1.0573173019765660e+000 -8.5296336015191843e-001  1.0000000000000000e+000
  1.0898610127570818e+000 -1.0081474975429388e+000  1.0000000000000000e+000
 -1.5515420084908216e-001 -1.1119216656767592e+000  1.0000000000000000e+000
 -4.6798486314996146e-001 -1.1312808224372617e+000  1.0000000000000000e+000
 -1.6627672063467447e-001 -1.1206336542820778e+000  1.0000000000000000e+000
 -5.2835538629515255e-001 -9.6103159573143082e-001  1.0000000000000000e+000
 -4.4333544161929067e-001 -1.2757482503513276e+000  1.0000000000000000e+000
 -3.0461942690138899e-001 -1.3559398791107622e+000  1.0000000000000000e+000
 -3.0518537184067057e-001 -1.0693516016299580e+000  1.0000000000000000e+000
 -2.8041681031125498e-001 -9.5535926556609230e-001  1.0000000000000000e+000
 -1.9732944796149660e-001 -1.2281393556116842e+000  1.0000000000000000e+000
 -1.6630092372430971e-001 -1.1891828320658331e+000  1.0000000000000000e+000
  1.4527740256009745e+000 -1.0329441615663961e+000  1.0000000000000000e+000
  1.5127111156097035e+000 -1.1570548571366848e+000  1.0000000000000000e+000
  1.1453693504440565e+000 -9.3348427365630227e-001  1.0000000000000000e+000
  1.0994992150774270e+000 -8.2138480145317017e-001  1.0000000000000000e+000
  1.2556520735543366e+000 -1.1419495149489802e+000  1.0000000000000000e+000
  1.2578984973391294e+000 -9.7256442119023157e-001  1.0000000000000000e+000
  1.2083776284978087e+000 -1.1771362910522178e+000  1.0000000000000000e+000
  1.1352807120003092e+000 -1.2576317730887046e+000  1.0000000000000000e+000
  1.0483854885466231e+000 -9.3186829543736316e-001  1.0000000000000000e+000
  1.2420205538677933e+000 -8.9052329535070840e-001  1.0000000000000000e+000
  1.8636092894932782e-001 -9.6944058894414964e-001 -1.0000000000000000e+000
  8.5315451064200554e-001 -9.9824505139645980e-001 -1.0000000000000000e+000
  4.0667465921497625e-001 -1.1552748187762973e+000 -1.0000000000000000e+000
  6.5592424886950629e-001 -1.1240142491573759e+000 -1.0000000000000000e+000
  5.0025222696548344e-001 -1.1492978773866835e+000 -1.0000000000000000e+000
  4.4059138143769083e-001 -9.2549117329521979e-001 -1.0000000000000000e+000
  6.0663677273809014e-001 -9.9856100633641132e-001 -1.0000000000000000e+000
  3.2849790417982877e-001 -1.1784664815011834e+000 -1.0000000000000000e+000
  4.8670587067914983e-001 -1.3455429628938311e+000 -1.0000000000000000e+000
  6.3647655542105885e-001 -1.0522842230087814e+000 -1.0000000000000000e+000
